139,49
139,48
139,47
139,46
139,45
139,44
139,43
139,42
139,41
139,40
139,39
139,38
139,37
139,36
139,35
20,2
20,1
20,3
19,2
19,1
19,3
116,2
46,4
46,3
46,2
46,1
46,0
45,3
45,2
45,1
45,0
44,3
44,2
44,1
44,0
43,4
43,3
43,2
43,1
43,0
42,3
42,2
42,1
42,0
41,3
41,2
41,1
41,0
40,3
40,2
40,1
40,0
39,3
39,2
39,1
39,0
38,3
38,2
38,1
32,3
32,1
18,3
18,1
17,3
17,2
17,1
16,3
16,2
16,1
15,3
15,2
15,1
14,2
13,2
12,3
12,2
12,1
11,3
11,2
11,1
10,3
10,2
10,1
2,2
9,3
2,1
9,2
2,3
9,1
8,3
8,2
8,1
7,13
7,12
7,11
7,10
7,5
7,4
7,3
7,2
7,1
6,6
6,5
6,4
6,3
6,2
6,1
5,4
5,3
5,2
5,1
4,81
4,40
4,39
4,34
4,19
4,17
